30 3 1
2
344.89 311.571 37.2306 -350
661.164 206.313 200 300
417.834 560 120
47
40 60 1
116 60 1
192 60 1
268 60 1
344 60 1
420 60 1
496 60 1
572 60 1
648 60 1
724 60 1
40 88 2
116 88 2
192 88 2
268 88 2
344 88 2
420 88 2
496 88 2
572 88 2
648 88 2
724 88 2
40 116 1
116 116 1
192 116 1
268 116 1
344 116 1
420 116 1
496 116 1
572 116 1
648 116 1
724 116 1
40 144 2
116 144 2
192 144 2
268 144 2
344 144 2
420 144 2
496 144 2
572 144 2
648 144 2
724 144 2
40 172 1
116 172 1
192 172 1
268 172 1
344 172 1
572 172 1
724 172 1
